[sie][Equalizer#0]
bypass=true
numBands=5

[sie][Equalizer#0#left]
band0Frequency=60
band0Mode=-1
band0Q=0.7
band0Slope=-1
band10Gain=2.000000000000001
band10Type=0
band11Type=0
band12Type=0
band13Type=0
band14Type=0
band15Type=0
band16Type=0
band17Type=0
band18Type=0
band19Type=0
band1Frequency=120
band1Gain=3.5
band1Mode=-1
band1Q=1.2
band1Slope=-1
band20Type=0
band21Type=0
band22Type=0
band23Gain=2.020000000000001
band23Type=0
band24Gain=2.0100000000000007
band24Type=0
band25Gain=2.000000000000001
band25Type=0
band26Type=0
band27Type=0
band28Type=0
band29Type=0
band2Frequency=400
band2Gain=-4
band2Mode=-1
band2Q=2
band2Slope=-1
band30Type=0
band31Type=0
band3Frequency=3000
band3Gain=1.9200000000000008
band3Mode=-1
band3Q=1
band3Slope=-1
band4Frequency=10000
band4Gain=2.0900000000000007
band4Mode=-1
band4Q=0.7
band4Slope=-1
band5Type=0
band6Type=0
band7Gain=2.020000000000001
band7Type=0
band8Gain=2.020000000000001
band8Type=0
band9Gain=2.000000000000001
band9Type=0

[sie][Equalizer#0#right]
band0Frequency=60
band0Mode=-1
band0Q=0.7
band0Slope=-1
band10Gain=2.000000000000001
band10Type=0
band11Type=0
band12Type=0
band13Type=0
band14Type=0
band15Type=0
band16Type=0
band17Type=0
band18Type=0
band19Type=0
band1Frequency=120
band1Gain=3.5
band1Mode=-1
band1Q=1.2
band1Slope=-1
band20Type=0
band21Type=0
band22Type=0
band23Gain=2.020000000000001
band23Type=0
band24Gain=2.0100000000000007
band24Type=0
band25Gain=2.000000000000001
band25Type=0
band26Type=0
band27Type=0
band28Type=0
band29Type=0
band2Frequency=400
band2Gain=-4
band2Mode=-1
band2Q=2
band2Slope=-1
band30Type=0
band31Type=0
band3Frequency=3000
band3Gain=1.9200000000000008
band3Mode=-1
band3Q=1
band3Slope=-1
band4Frequency=10000
band4Gain=2.0900000000000007
band4Mode=-1
band4Q=0.7
band4Slope=-1
band5Type=0
band6Type=0
band7Gain=2.020000000000001
band7Type=0
band8Gain=2.020000000000001
band8Type=0
band9Gain=2.000000000000001
band9Type=0
